0.2803788204485487 0.04925321065303956 0.07228719890715682 0.30307734874846126 0.04765217989303803 
0.30420386117149384 0.29059404802248556 0.31408407586337295 0.38008042644697804 0.049211892971633066 
0.01399847387613331 0.3404720853883787 0.29706029548759727 0.18366132719533584 0.004573018739813517 
0.28524352370266515 0.2296731996729791 0.3437870992711849 0.16298657703728947 0.03350771422832717 
0.27383006956700867 0.06452419419703091 0.36815549865757186 0.0402066822983893 0.01691740598005449 


0.015155958185361806 0.05056113582297825 0.6875238064498911 1.0932424286303073 0.054324027835749356 
0.08249647682207153 0.007349738640204041 1.268018308284854 0.03250542808816209 0.09912892460358258 
0.7814366947539596 1.2316816351109166 0.5849513070460147 0.013587605262855518 0.0219796505884846 
1.1348553310845797 0.0031812053846988265 0.029404971221465383 0.09670566411569836 0.01207995526761454 
0.007629930574374899 0.05415941861069973 1.6937238047565195E-4 0.030720337900907748 0.04372751722647287 


0.08033908104516181 0.06741504176902079 0.0065771894029660665 0.0014813868831735522 0.44679641794415276 
4.69364191134547E-4 0.002523091064139105 0.06557490908111062 0.04728915944504808 0.5102716896469397 
0.06459074640423314 0.03677986776328651 0.021008144706148903 0.5615281360700394 0.3069536303167554 
0.006511585661870667 0.5556255506797846 0.6124496302048084 0.5390492129047597 0.08448089302728717 
0.5229373064467654 0.5169190780171813 0.03593955461823778 0.014651109215782433 0.02230125473616186 


0.003034593285027332 0.04381123227178138 0.05308705129912233 0.26341821904965496 0.19610431860030592 
0.2871657688320584 0.23214638052532283 0.03561477459358583 0.24738695943962524 0.05878389204734 
0.005217636776022727 0.267553284027811 0.25433236981035395 0.014745959986179691 0.07602514448522996 
0.2624894121747678 0.22560159999827795 0.2940477305293242 0.2526354835466198 0.015276267005859457 
0.223642199506994 0.072011161467677 5.839249849685091E-4 0.24600929981133232 0.014438317296801763 


0.4138042894440801 0.7173839432492923 0.10314116279916546 0.023784036733305758 0.03714968560832659 
0.02665382019550493 0.7528745831971334 0.7637546986788397 0.04558848219841022 0.011527270936692835 
0.031353841806790184 0.058542508792394525 0.9188486905876058 0.0032059970571128196 0.0889709925486415 
0.02608642554205497 0.04814204912568443 0.8102134433633409 0.08666250753364318 0.05853645401544977 
0.3148741405558497 0.49002672845070927 0.7222725539704614 0.011206961338432431 0.023297790543672314 


10.494584487437411 0.1545007120142587 0.06422751508341766 0.07471893118186923 0.05816922519971643 
11.19395303123454 0.03454844344685357 0.09037219370659184 0.05007624127065591 0.08051315175258827 
11.465163211776417 2.9840980646994586E-4 0.08180995298467043 0.00458300327918173 0.029008416535948392 
10.724317433521918 0.01933764946681409 0.014845968417304912 0.00987816337589067 0.04791596771810161 
3.9720522762007 0.055958361327533984 0.058386947105527956 0.04392831739745624 0.04240827524921578 


0.0178692708490794 0.4572797119946617 0.004526004594056543 0.02603852876444426 0.1057071941123155 
4.403021895842852E-4 0.0561419473984834 0.5320470216847603 0.0918897597306017 0.11735608235192069 
0.048415407463695284 0.02823527946730835 0.5758516326615533 0.26881552873826764 0.07283505493811751 
0.08607556018714041 0.06712430360812575 0.28577253969892624 0.24803038556776283 0.008363671878531221 
0.06734591553961625 0.06829514005743563 0.26128010517641875 0.39166799319199797 0.04553165782675685 


0.426193125708207 0.03234938501352741 0.27279179271055093 0.20571189467556453 0.001626746514244948 
0.47694101521351795 0.5056785116273937 0.4978572410454516 0.004273024649500623 0.09730475269133573 
0.5328717509307308 0.5140094979728425 0.6081175042940994 0.03564323254690701 0.01523846704177222 
0.44593706822105383 0.07934757965638956 0.5395936471446028 0.0200560470691203 0.05785998377924198 
0.00951726177696195 0.11363208462861632 0.23196729004422234 0.4712243884114755 0.014297584133210318 


0.00924922557620117 0.06961653202598755 0.08610203950505277 0.4187048917798374 0.015104940511689436 
0.025643581400048077 0.051588901714086116 0.5768532966032364 0.5504602880061873 0.09146283468055216 
0.015925254815779166 0.08125317663661395 0.6397722354725264 0.13538571567968635 0.12073564880012765 
0.014572749668325469 0.5888640853918039 0.5491311978141782 0.014599910076479872 0.018646754889194074 
0.524496759928511 0.5503931684639951 0.08683008953747912 0.013628916496700805 0.06503702987652127 


0.4437510910284651 0.37579282803973846 0.0012325619449086612 0.06437901811809385 0.0850597860918002 
0.021797530453061254 0.4508443970269663 0.3447990513052963 0.007969206988972756 0.047421783608562744 
0.05175711182288752 0.3796254118989545 0.4738171032346773 0.052559595124288705 0.07246811991316682 
0.4717800659228609 0.47616772902988425 0.12020583087562545 0.02531100459086573 0.048687633017443 
0.41112958404827604 0.026944808990789784 0.0036865106249936333 0.08398775918737356 0.06952615349812645 


0.0919995526648309 0.022729307409741408 0.06334078044606237 0.018168161693560194 0.05962189505814056 
0.08331158829162666 0.08656437291533632 0.011299336509454083 0.085760254477477 0.04760151579429513 
0.06560459091307493 0.08180304976776996 0.0746314590763547 0.004304494398440862 0.01132936175816427 
0.0899435077156911 0.061905980447260436 0.026031800352614622 0.2908694021441012 0.26644274957823194 
0.6844482238637211 0.7514600323832556 0.565104936583996 0.37072851610583735 0.015684932771752702 


0.033290091157337345 0.03073397067784489 0.022795947906690074 0.0036135604565786907 0.9924412727033257 
0.08689029725827674 0.014553543302343541 0.018815281035103694 1.1014195485603449 1.0927871245963197 
0.04433158059116054 0.09188165064571324 1.145481212900141 1.2252746429637775 0.07386702187142062 
0.16146278555177485 1.1561355071454877 1.191499600588887 0.08741270527086055 0.003015337019213238 
0.9937738578260967 0.7463161670282631 0.008230675034193868 0.054220039810358944 0.08489861032325514 


2.0622911810534306 2.3027097002502805 0.18822406460311664 0.004681159143213098 0.07139433268778898 
0.009050306304101785 2.5162886447917803 2.606875215452323 0.007711677457739263 0.0065550687330878325 
0.03965154032081 0.0051634993036160926 2.5137044513421687 0.7452198384019947 0.021538749831948735 
0.024579520987247073 9.22744844196366E-4 0.08118361481510707 0.06294529197879249 0.061420106365909756 
0.09444890629580044 0.06905006038516222 0.06276106143996162 0.02626302827797482 0.07225419247813848 


0.06292324294183237 0.26523389362860006 1.0214775935490035 0.002543221184780642 0.08471996803015681 
0.06861398725540689 0.039048779479359357 1.1339800447462236 1.1398557022792295 0.013974484743206362 
0.05276594119650479 0.01662089497971411 0.022913374776795406 1.1515420188532268 0.28111144097844887 
0.018772748435187437 0.012161522581667562 0.009507586778505396 0.8837004771994618 1.0469747842136978 
0.07875939103674205 0.020601204191390277 0.040629079039474436 0.006747580564287603 0.9650234891786228 


0.5271502292301794 0.5466637853006062 0.02911273221746873 0.00443059460474442 0.411779520151305 
0.06736348787508538 0.4882018803031539 0.16374894079049623 0.5436422604239973 0.2267253358486697 
0.03538357877344243 0.5055320605029683 0.3062464358941894 0.5949822460761104 0.013015032335723355 
0.061631544469719024 0.055870305966630965 0.44033752740535614 0.6005687186746081 0.01755829153828865 
0.062130305616117515 0.05313050790038672 0.5636174164604033 0.5200634429036175 0.026870420277547116 


0.07867015344068243 0.3591085450848417 0.010644131731686046 0.34535568546967266 0.02739478558629012 
0.0038650413833046906 0.1482125234492735 0.3110642165643147 0.3604840840488567 0.07709498002236025 
0.001607868536179502 0.1261660475464121 0.40862632539741645 0.15788924635245982 0.03519710403236389 
0.05785447133915194 0.0035176748113236234 0.18570632599739384 0.17881330137742676 0.06888452453884569 
0.043223746733244084 0.08963491561966275 0.08676119449939884 0.04942188383201786 0.0036340794207298413 


0.038356625392090477 0.0061997816123057 0.026599677722071582 0.050262840349407124 0.5246106495518941 
0.05821269265113304 0.06273505005535064 0.08023624124180591 0.050392671338842565 0.8193428991916054 
0.061314443588578106 0.04183195939726225 0.03756506484448653 1.0976261492527408 0.9600739763158267 
0.04039938936546494 0.07356676805463308 1.0319963249938326 1.0244109993517418 0.02275368853717832 
0.8952647833508218 0.9283418332189421 0.4149257584235935 0.028327854374842223 0.07429179792565531 


10.610046396508228 0.07257825370876991 0.04468358939426329 0.06958037021245275 0.05875991162033883 
9.301183649560246 0.007423040502797185 0.013552752696461424 0.04512242658817938 0.05921768657937596 
0.040109938432383564 0.06939291283568318 0.08031730154245381 0.0884691825381826 0.038500076667086186 
0.09427394144786043 0.016156883620520635 0.054248327437894844 0.0651974410631314 0.016712185761744925 
0.028548513418292953 0.05597361690008595 0.03579376093493136 0.01718836359603424 0.041546089167884395 


0.027681659094724576 0.04561557919603907 0.02788347490371347 0.9754612579718129 0.025632776386147117 
0.007394455064490635 0.04247492409604049 0.006428929636951197 0.9894219763837772 0.04449219467457144 
0.08016095039647807 0.09195436419844644 1.171842686231345 0.5803705295665533 0.07942910135017317 
9.657848708681583E-4 1.0268608224530158 1.1026458793943852 0.0065571704064269045 0.05340933793533414 
0.8736144692640532 0.9700757346483585 0.051432657832556385 0.06466998253376367 0.06347021136471699 


0.07814726467811657 0.08739813250293096 2.628506393410016 0.3159336631620071 0.03402983115050586 
0.008488091102236028 3.0216883482734653 3.1022069705403266 0.005621412370024892 0.05455873870825805 
2.728062651543574 3.116395146224273 0.06201810297193025 0.08458336231702172 0.002705278766159458 
2.1928999386263524 0.0839793018840877 0.02451666502687601 0.08884604418856377 0.030920009819943573 
0.024668600128649076 0.022152611096215014 0.04300958233895964 0.08019856968941141 0.047171677877723875 


0.05103629455753359 0.31256832203616125 0.06964442439322803 0.007153588811823475 0.010898409490695628 
0.03353366650704257 0.3232116037153805 0.060834297112195845 0.0012023021627058596 0.0061322351574242375 
0.26185475725360724 0.26210115078977037 0.013241239321585385 0.09883673765209727 0.04893906628181534 
0.3114478265513392 0.11693988809475248 0.017967236857424886 0.07422906968524133 0.07104070222733036 
0.1097372085824419 0.10167270732227902 0.04447090765185309 0.08839532430474811 0.0543718864663649 


0.2096485520773841 0.35845364393915546 0.3310810954584131 0.034201642835820834 0.060458846750790676 
0.04916488152839719 0.04129228601053441 0.2746966987630697 0.38668967263193843 0.10534800643742753 
0.040095236485147706 0.003388172612840945 0.017877284186103504 0.008867169475614833 0.2935659719083502 
0.08443252416903269 0.08499362878894255 0.029082164444264227 0.0032594283836289597 0.31963976700066715 
0.07669688665710074 0.10970539397787844 0.31678823302696374 0.30228297125364706 0.32059144112090066 


0.2861801888233884 0.2607101998058262 0.0642474203037489 0.054604115694934265 0.06600661873177775 
0.004509001687566572 0.277148614933605 0.3470002280776049 0.08023422214130763 0.03070592195574247 
0.015244879600489248 0.004729069345186521 0.24536780473181696 0.30707306890130925 0.011793944047307992 
0.007300557487879922 0.04221798206440941 0.3201466069192269 0.2596664495431328 0.008268187643346149 
0.26195088606844213 0.25949373151249855 0.30058645326840605 0.0365202705821344 0.07467556777419493 


0.08437268565855724 0.007717209245874258 0.01397550297633703 0.15741830169472976 0.05282128933569698 
0.02370322047242518 0.12294793444774807 0.2986148858324704 0.03719267396302444 0.01517038114720437 
0.022245095268800297 0.044471112977106333 0.30620334479799255 0.031923629369344196 0.056704905103472016 
0.1582435858774758 0.1599939922042684 0.3167186991964088 0.05673136234438079 0.07730446492909397 
0.23813848151580608 0.190157334953644 0.0310798016125616 0.06550802254850273 0.06006869298778209 


0.08651807089085867 0.014246887366172634 0.01671242545731989 0.023350761374276642 0.4573814784283174 
0.02552425113347534 0.035399876535315136 0.08140899985034579 0.07563558131363796 0.4648153683887602 
0.0057038817106494395 0.011238056222294613 0.012149570639849639 0.039293249130067744 0.4713697500266114 
0.09996613054796066 0.02783976175181029 0.026862236563398367 0.06219767859530454 0.45106869296023006 
0.03077588680410878 0.04250224486301721 0.006502901675616579 0.07417717771516863 0.45996803437245687 


0.01915761682946439 0.24922581822901882 0.33556273029164047 0.022228904253687554 0.0811977172245012 
0.4604060240769182 0.5160406945529242 0.12366867445455487 0.012862213578329985 0.06701033275912668 
0.3947959249055484 0.2617407209422696 0.02808818019001772 0.08079259948500682 0.012660023810944054 
0.01515629017528334 0.09485050362761566 0.02729143335144432 0.09694957942728732 0.013719259146443131 
0.07932619285786843 0.07571228871055093 0.07237202500217685 0.022215332723802408 0.0052717094152344825 


0.40440683997161425 0.19504243663756327 0.4316041769064879 0.022732022435037857 0.09609806685754835 
0.45593424516971076 0.5140572275472038 0.2524641233475425 0.036127982945736735 0.0783069317338229 
0.383811719466515 0.46524652914874176 0.5407839576936043 0.016657624722058763 0.07620450377820205 
0.022206464522736526 0.06361840396517539 0.4901585938976286 0.4526993040168008 0.03322535379149916 
0.04065163661926066 0.0017566409146838936 0.04397303456984822 0.43848366174158016 0.3881599994850602 


0.05684275887729352 0.041371992870915676 0.0706662938317563 0.09515654632485435 0.013048474354857321 
0.06666374557608742 0.05647573397047169 0.08286604841860289 0.07992516963534266 0.014391590128600418 
0.6274280607843025 0.23954972970244276 0.12806272226587734 0.02361359882806349 0.023664399364836733 
0.23901151607273796 0.6672929804227843 0.6883128950040023 0.06556279677872862 0.025352532960646313 
0.03428071880929425 0.05265125276379993 0.6510706974281065 0.6209021850718647 0.021210048598173794 


0.05044074201051288 0.06953989645300619 0.05435169027282936 0.06664587853549646 0.05029991316348952 
0.0511485773707326 0.02576844232555683 0.0105679351487201 0.022643058435046805 0.01112605847903616 
0.02950351021466261 0.07001081221852187 0.06622828398914579 0.05269773474195644 0.033425423863281734 
0.2830289600079957 0.031172433553221326 0.019439574245378524 0.019950827025120577 0.2111433094032322 
0.007842847397278585 0.2525924240536561 0.28175828527772173 0.2890606419209898 0.25324154820449796 


0.36936112575030033 0.2178183312023431 0.46540792597658664 0.49346345122659974 0.4276335196738071 
0.052368500906343256 0.06458042248638195 0.515405391478374 0.5174774970293267 0.045160657220400496 
6.62722634430435E-4 0.031250338746284204 0.5134703301400528 0.4892259130245865 0.47554378611364834 
0.04114722359480105 0.5471251792383831 0.49011868596450425 0.13199611310453813 0.47523149265969755 
0.47224720959561817 0.5019488381563262 0.0018095728041786496 0.017213787188534158 0.25016976444700195 


0.050573330069838975 0.04980779954403687 0.009293932018691454 0.36442549528945584 0.06689349941834656 
0.13593039591553097 0.017772818601872242 0.011403652381446472 0.4349264486819735 0.08112525293102152 
0.13235402756385536 0.09916582402481003 0.46275144402470425 0.06251601172487765 0.06713102536316766 
0.39022220309366484 0.35453101544194776 0.2257115447354766 0.05621592895970125 0.08491768190108129 
0.07533708371638195 0.13181617231892984 0.0030826464545531287 0.009990616549609388 0.02217131646267553 


0.05357649374416772 0.06298292742534058 0.0764063460410038 1.132615269670687 1.0724906636593692 
0.03205557711580387 0.03564898167044881 0.03709693606165123 1.229746073746174 0.002577169844068239 
0.08444856386586407 0.03252158009466244 1.4339671246748182 1.2981351409637072 0.013937633266248384 
0.015582470525399973 1.048643317513982 1.2458534175394034 0.08320899828984722 0.0087607728930163 
1.0301477753917274 1.1279145744094037 0.005314835008852593 0.09154141240372016 0.020694893856607968 


0.5603014195515584 0.03775122527006646 0.06042686165883061 0.05599129201514064 0.02873478058349367 
0.5373852917623467 0.6247665998395239 0.03335047394468782 0.04027007443372437 0.06376224895864263 
0.05759384003111406 0.657529528854144 0.06360725284823499 0.03006692740118331 0.08921933526253434 
0.37763361785685123 0.6627306285704795 0.013601483526450976 0.08669624191346877 0.011945871352157567 
0.5768287394478762 0.012165880829213271 0.007737585533683611 0.05777538733814186 3.4052610741778236E-4 


0.5926962611616929 0.22127557682008225 0.017632146624599433 0.006433939473221762 0.07730231402366633 
0.6079429599389252 0.7274019186377852 0.03242360302608266 0.006254496892678041 0.027491030878768842 
0.05898470367480588 0.7250756690722171 0.007025681725853373 0.025716315353527665 0.07969692808484004 
7.199914381298301E-4 0.2223043741650927 0.7458674624910033 0.007523220365174344 0.4348885477709664 
0.01004128452598757 0.007513841492615936 0.19822640532611696 0.6360484316986265 0.4445907610239844 


0.015358598482064379 0.033891173466190326 0.04299355595160931 0.05342831029306379 0.04667255891831839 
0.013554895089295327 0.055898858064703516 0.06908507902919558 0.04101424676475125 0.08636850963247929 
0.5046414842439648 4.558013801786332E-4 0.0428246290670249 0.013753074372253449 0.004250151465882601 
0.5188876129099478 0.4991570397357247 0.01768143401090455 0.0467909015954561 0.055387116615342194 
0.02985011118192117 0.25999921315793073 0.5183854622492261 0.00281148042169872 0.016743029464483184 


1.4861916315983976 0.031849107080738605 0.040663567728954186 0.0702458015539471 0.011718334293629118 
1.417074010602954 1.7273602066259721 0.005827078920551099 0.027013720228897323 0.06948194292459156 
0.05685782828526001 0.468342425977643 0.6778509680177593 0.4850000596921974 1.5068934227376876E-4 
0.028646507310065142 0.007977036618773026 0.02387422781444979 7.877210082112285E-4 0.05660728592034317 
0.007597105226165791 0.06301861204529402 0.005148123509658209 0.08641309484704002 0.021613263348510704 


0.02373743016446215 0.42616792248117996 0.27821212233605513 0.04128537323512548 0.06827224878536295 
0.46063741720579665 0.012927182186075104 0.07526963067231966 0.01599095051540569 0.08428214712828379 
0.0451890005564556 0.0029169959418094862 0.0024500950350804353 0.021714805581907772 0.07566342450084712 
0.07771285435734754 0.06485966310041315 0.05879046971212431 0.005483297141351562 0.015626608014469533 
0.012473737767904603 0.03846737874301284 0.02725326890183845 0.03995625542279563 0.056153335831417475 


0.03052242489970791 0.06058230356504765 0.04419446148224248 0.0651952688342441 0.04921159752206155 
0.035879813098092454 0.07750901078242693 0.09149356174479151 0.012186453027810485 0.025515191346155208 
0.05362194993450986 0.051197588460962506 0.02821851590788417 0.04810060374253477 0.03318812233383733 
0.08225382488637686 0.014662392507858236 0.026442066126312305 0.03221520524184231 0.463349868169858 
1.0361288565261693 1.099378586489392 1.1275083191051631 1.114742850545217 1.0572121335152613 


0.004648044845829935 0.03581737203702786 0.15062568071465354 0.005600725627362191 0.018485188340522964 
4.059132037077543 4.443719696654853 4.512465316968094 2.474697831448577 0.03483018642883819 
0.04479805532919321 0.020861347614594197 0.026345948360541917 0.015642185090997098 0.08833981701431767 
0.017375572893236612 0.0777872628891813 0.07066548728383137 0.0831895101043037 0.012774047556374969 
0.09608637110205887 0.07589910628625478 0.0017033839503221015 0.05614684772366533 0.09624488192752315 


0.12541813419070919 0.021589996345686337 0.374150584604574 0.03955158572223563 0.07751523558954893 
0.09872073779228478 0.03698594529886431 0.3264812876893457 0.05634499118669431 0.0637402611616603 
0.31070568923038366 0.27045909502097154 0.1666380069763561 0.006030325661584135 0.0031181706664920594 
0.31344479809322995 0.3850616178252876 0.051775464179587505 0.0672013051596187 0.09916264271124463 
0.20155578604701702 0.30945825630214 0.024824249855422954 0.004651614377991465 0.0710957608519709 


